10000
24 26
49 30
70 99
8 68
17 15
72 2
23 31
84 40
34 97
58 61
54 72
10 39
21 62
30 88
25 24
89 84
14 8
20 79
53 97
48 27
84 65
32 64
65 1
9 53
21 100
40 61
89 47
35 65
34 29
76 89
9 84
64 5
28 28
78 41
86 85
66 83
80 81
27 23
70 16
90 98
12 44
55 7
54 78
60 53
86 20
3 26
46 32
83 74
97 54
24 31
11 1
8 5
62 7
99 81
54 96
68 8
1 83
11 14
79 22
89 18
98 97
99 80
69 38
91 87
60 47
82 99
69 20
32 12
84 88
12 73
100 75
43 87
73 50
41 40
77 34
12 26
11 51
6 77
37 70
45 83
45 11
71 13
2 1
67 39
94 26
98 66
76 94
14 23
23 7
2 47
35 79
92 27
67 39
43 13
6 51
99 30
16 18
100 73
16 2
76 33
99 67
63 12
55 43
63 51
14 28
52 43
4 27
96 13
12 5
40 15
12 54
11 77
12 11
13 42
73 90
27 28
26 83
75 50
65 75
58 75
29 54
43 67
36 38
100 85
83 22
65 30
54 18
62 30
80 23
47 72
38 84
4 88
98 78
57 11
41 1
23 15
29 77
53 58
48 91
96 99
34 70
84 34
23 71
88 63
55 14
99 76
4 44
58 13
49 29
42 28
19 34
1 11
100 49
85 26
40 4
23 63
51 28
34 61
53 62
16 19
52 6
94 62
94 20
97 97
17 71
32 84
81 17
15 55
18 80
26 31
37 89
85 38
85 83
10 90
70 58
54 97
45 25
56 39
64 34
16 47
91 84
39 14
47 13
42 16
66 87
29 48
84 48
45 73
11 25
57 28
28 89
48 62
75 53
82 19
26 53
2 42
43 88
60 57
73 65
21 4
44 56
74 72
32 100
8 16
50 91
28 89
83 86
19 11
35 50
43 8
1 15
36 68
22 98
53 26
97 92
57 76
18 54
84 85
45 52
4 59
70 28
38 1
37 51
64 29
23 24
88 80
76 3
57 81
91 39
86 30
15 94
9 99
22 6
11 35
30 75
2 45
62 34
55 9
1 54
1 7
22 62
29 49
18 21
43 66
65 22
38 95
88 31
17 18
89 90
60 88
82 70
72 85
95 70
92 44
25 52
46 61
81 19
59 41
2 11
37 49
38 60
99 68
74 32
99 9
4 9
53 57
84 57
5 87
17 88
24 98
12 14
29 25
83 27
76 65
59 88
16 93
57 43
65 77
99 15
54 79
22 29
58 57
38 87
69 79
20 54
5 70
50 51
41 3
100 70
49 45
45 37
96 90
80 48
40 2
89 66
50 93
5 77
35 43
16 24
13 75
33 45
85 92
75 76
9 99
58 57
65 81
79 62
30 91
2 98
26 86
97 89
1 66
96 43
62 6
48 11
43 90
18 59
97 21
98 66
41 50
60 61
99 40
76 83
54 25
20 24
94 31
21 71
90 77
49 5
25 48
40 97
6 9
44 80
81 15
13 15
49 77
60 72
72 32
5 74
67 52
8 58
83 49
68 81
27 43
32 62
90 53
59 20
48 16
62 24
87 98
4 77
21 70
100 23
98 54
80 10
57 81
94 92
13 84
10 10
99 72
71 80
1 46
80 4
63 42
38 38
92 79
16 9
60 65
85 3
33 76
52 83
49 15
62 41
3 47
73 80
79 33
64 69
95 71
38 100
33 78
24 76
4 36
94 60
74 82
86 46
45 83
43 79
24 18
24 36
69 30
97 77
33 50
98 36
32 54
89 7
44 29
69 91
19 18
45 44
55 36
87 19
82 44
29 25
67 77
36 52
77 51
14 67
59 73
7 31
21 55
15 16
97 58
29 3
67 40
52 96
69 83
14 81
79 34
32 69
1 65
78 47
23 2
32 1
62 67
24 94
20 61
89 68
93 26
10 71
86 63
18 75
32 73
49 84
85 86
77 7
18 50
93 47
78 66
69 74
16 91
56 27
38 45
56 52
78 90
6 20
61 2
47 32
99 35
81 31
32 72
6 32
89 90
93 13
54 99
56 44
8 48
23 71
40 92
58 30
53 16
60 55
4 85
19 54
33 31
70 5
96 9
32 27
63 44
75 25
54 76
33 4
23 89
31 52
17 75
6 97
70 88
39 92
33 86
52 61
79 46
88 43
89 73
38 46
57 66
37 9
99 39
96 85
24 43
51 90
37 5
89 11
20 47
85 20
77 13
58 14
95 24
16 49
21 44
35 24
84 21
63 75
57 1
28 60
55 68
20 45
48 84
67 95
47 70
39 80
21 34
65 2
58 2
16 40
76 93
44 79
26 79
43 9
34 34
20 99
36 91
69 99
100 95
37 21
58 61
31 28
44 33
53 72
18 6
87 41
57 18
57 27
30 54
33 77
97 92
10 90
63 66
50 94
73 60
11 90
18 68
99 92
26 22
36 9
31 11
81 83
18 62
64 36
81 56
25 57
74 75
64 47
95 43
91 55
60 20
41 78
91 64
28 10
5 62
77 39
66 60
36 56
13 52
5 90
92 54
47 28
79 67
23 87
41 29
8 6
29 78
31 90
90 20
62 82
22 67
65 87
30 96
6 79
18 87
81 100
18 43
72 55
18 79
91 36
43 22
28 9
44 36
55 21
77 13
83 95
80 33
86 45
25 10
66 4
7 92
42 15
85 44
11 64
88 24
44 4
96 63
72 55
66 71
70 7
100 66
26 55
47 25
31 42
46 59
41 59
19 82
99 81
35 68
47 94
98 94
27 62
90 23
8 52
49 80
9 85
84 74
29 29
93 94
23 22
5 98
64 44
10 26
41 87
16 33
19 84
2 57
40 60
12 19
7 67
92 14
88 23
73 38
53 98
9 47
62 40
39 24
39 13
49 91
69 56
15 78
57 14
78 97
92 99
78 34
66 28
63 66
1 84
34 38
55 76
61 57
15 51
91 30
72 84
73 30
45 14
82 56
62 89
83 1
31 33
30 78
26 87
65 5
16 3
97 57
51 81
1 70
82 13
76 66
80 58
39 67
31 28
3 81
6 71
5 94
50 56
56 60
77 41
69 56
50 42
27 65
28 66
72 74
17 39
74 55
63 21
65 96
75 52
26 31
21 46
43 4
26 79
86 57
98 39
62 12
87 7
80 35
40 47
2 21
81 21
29 71
18 30
10 31
81 17
90 97
21 91
45 99
78 82
85 56
37 22
91 17
37 75
17 26
76 20
83 74
87 85
1 45
44 27
27 36
99 67
66 46
7 37
18 100
13 70
81 23
87 5
75 35
90 74
37 6
66 60
14 64
1 29
20 27
35 31
28 68
15 17
87 23
24 34
46 45
68 76
66 24
54 87
16 28
44 91
15 85
61 95
40 78
44 45
45 85
67 29
8 35
13 88
50 67
2 7
3 20
73 35
87 51
57 63
45 51
96 81
93 80
28 61
50 97
44 3
61 91
45 25
77 17
77 48
65 25
28 48
33 7
9 15
80 48
91 16
6 82
94 45
65 25
96 2
13 47
43 94
49 50
78 89
34 31
49 27
43 6
29 57
24 73
13 28
95 34
62 83
94 18
40 80
1 88
68 39
86 26
85 5
3 78
53 75
58 47
7 84
86 72
1 45
34 35
96 52
55 81
65 64
74 74
49 79
73 21
29 77
19 31
27 46
78 100
3 33
79 29
64 83
29 31
26 20
68 21
62 95
44 7
16 64
42 87
38 98
37 2
36 91
23 97
2 67
20 9
65 19
71 86
72 77
18 40
37 46
93 9
81 31
22 26
84 24
20 13
74 48
49 68
44 78
72 90
36 75
77 40
41 9
61 32
60 64
18 14
81 55
62 22
74 73
94 32
83 39
39 55
20 70
81 82
86 57
43 12
3 30
20 33
84 4
97 49
36 56
35 82
27 34
44 93
63 74
85 72
4 65
12 35
68 42
16 69
100 53
57 87
57 88
48 69
13 45
44 50
22 89
14 77
50 17
93 53
9 97
5 84
66 35
9 43
83 19
98 28
93 35
6 61
35 27
88 69
9 15
99 20
64 27
62 57
28 88
87 83
33 79
26 73
23 37
40 75
47 77
87 58
27 87
9 9
32 52
35 82
20 81
32 16
87 47
54 5
87 62
24 94
60 10
78 50
12 65
35 76
50 66
46 78
5 68
10 31
67 95
61 87
81 100
32 4
27 89
59 59
3 66
22 41
89 72
96 63
43 33
93 19
63 24
24 34
97 50
12 64
50 43
60 23
23 96
46 93
40 94
22 61
42 48
57 67
77 76
63 6
49 82
29 18
85 34
85 7
90 52
96 29
72 12
53 50
86 5
6 46
29 61
31 32
91 41
61 97
96 12
69 47
48 4
76 91
27 18
73 10
41 36
77 90
68 5
15 1
39 33
49 45
40 66
7 47
80 49
58 30
19 16
92 98
90 52
62 33
45 9
27 85
71 28
89 67
95 22
96 76
35 94
78 77
25 4
48 70
100 76
37 8
98 68
28 86
95 51
68 22
56 28
1 90
5 40
21 71
27 66
65 9
27 72
49 11
64 88
51 2
56 53
74 23
94 50
41 10
24 45
11 29
34 33
50 92
100 3
50 6
9 39
67 83
44 35
64 19
28 46
56 5
69 47
52 3
27 6
48 72
50 46
16 90
38 68
52 98
53 29
6 30
68 44
51 71
70 70
55 53
10 91
33 59
92 6
18 19
42 20
100 9
26 49
9 13
60 33
27 94
74 61
25 76
18 94
29 86
19 2
28 24
15 30
28 46
70 23
4 27
52 15
29 33
47 14
36 64
59 20
19 51
2 79
24 56
65 93
43 4
44 60
53 63
45 44
38 91
17 41
90 11
92 83
68 93
3 21
24 87
20 29
63 25
66 72
90 22
99 45
95 64
7 95
99 55
9 10
34 74
56 49
94 81
42 79
29 18
56 44
29 80
96 4
5 66
97 88
54 60
45 57
11 69
11 48
62 65
5 46
64 58
74 78
73 20
22 91
22 5
68 55
100 66
78 98
16 26
93 73
5 17
16 86
31 65
14 36
28 72
88 86
81 70
14 38
41 14
81 60
38 81
76 27
49 17
62 86
26 96
57 41
4 83
58 15
57 14
3 82
11 57
2 6
82 39
16 48
11 77
31 68
48 61
21 71
31 29
37 58
8 37
16 77
52 57
26 59
11 3
17 89
66 33
21 4
63 30
86 7
84 35
82 75
81 59
99 57
16 90
14 32
24 65
99 42
48 93
87 35
25 27
81 45
13 84
6 46
82 41
9 62
66 89
20 21
16 33
30 39
68 57
26 44
19 78
77 64
98 91
99 82
67 92
44 7
70 20
34 91
92 78
48 40
72 24
50 40
40 75
62 50
33 63
76 70
31 27
65 18
7 63
94 6
23 41
46 81
26 75
32 61
26 21
22 85
59 73
3 18
36 58
9 92
22 98
9 4
79 73
34 86
46 13
15 43
9 38
42 78
56 45
55 6
26 42
98 45
28 48
86 93
74 46
50 23
11 68
74 100
1 56
59 3
36 42
4 23
19 56
38 2
93 34
38 7
8 53
42 78
99 8
93 12
75 16
66 38
43 61
72 97
33 33
3 61
28 94
78 5
2 60
2 34
30 75
48 12
51 60
69 3
65 7
31 99
25 17
46 64
93 79
77 97
49 97
84 12
33 63
75 13
80 82
18 33
97 92
35 100
31 19
38 20
53 73
51 69
26 44
44 36
16 68
64 99
33 24
53 95
77 50
57 90
78 3
68 17
84 21
30 39
69 21
60 75
52 10
75 49
55 65
62 30
21 55
35 38
29 78
59 51
55 89
50 10
31 22
68 96
89 95
79 58
52 28
89 89
72 27
47 44
33 1
68 42
96 35
63 42
55 3
65 66
68 89
85 95
53 25
71 91
76 36
30 92
73 22
83 97
68 26
71 60
87 13
23 11
48 25
39 88
24 40
96 27
40 39
15 46
18 69
52 52
9 91
4 84
20 46
28 64
1 89
99 12
51 90
64 97
3 1
81 73
95 55
61 15
95 36
77 64
56 18
23 92
29 30
48 22
62 21
16 49
46 45
72 21
39 1
73 95
24 89
57 35
83 28
57 93
49 14
75 51
48 32
53 34
20 16
38 80
6 68
4 10
90 40
72 68
91 39
34 64
42 62
18 94
42 99
83 79
18 36
11 42
77 61
42 59
83 56
4 70
36 13
79 87
28 31
8 68
38 58
82 69
35 91
16 29
46 57
73 33
22 10
81 71
43 18
92 53
87 57
17 49
21 60
44 20
38 47
6 73
94 56
6 64
76 83
3 68
17 9
88 17
6 78
49 97
5 27
94 89
19 98
34 93
100 12
28 89
58 69
13 53
91 75
89 74
95 30
38 61
59 4
42 10
7 51
30 47
83 46
14 91
73 39
33 33
73 65
95 14
24 28
87 67
86 75
85 44
19 9
9 64
88 52
93 44
49 48
29 91
10 89
50 91
83 78
96 9
39 90
45 73
60 26
88 36
54 44
85 61
6 72
70 23
20 47
41 54
23 49
5 54
21 45
54 29
53 63
31 22
53 49
95 77
51 11
15 3
56 39
8 2
8 68
34 7
91 55
44 98
84 12
1 16
17 59
91 55
53 87
50 82
79 94
79 11
87 90
5 10
39 7
10 6
89 29
96 16
26 88
19 33
92 60
49 89
40 19
67 76
5 81
27 68
4 37
97 10
74 28
72 35
24 23
56 81
10 1
20 46
8 51
37 73
8 79
50 56
30 29
29 43
37 50
5 25
88 14
74 71
45 99
69 25
54 36
25 14
12 34
79 33
22 43
92 90
47 33
76 39
39 16
29 94
89 88
30 98
90 53
93 62
51 87
40 4
42 15
39 28
74 25
9 27
14 45
75 30
46 20
69 51
62 4
39 13
10 17
98 92
47 78
4 74
97 73
46 83
78 93
80 75
26 70
86 20
92 17
93 82
48 65
54 55
75 88
36 39
81 79
81 20
65 28
10 23
45 18
34 33
42 3
90 62
36 98
48 36
70 31
62 18
56 40
89 95
54 78
11 9
41 5
50 17
78 66
61 42
7 89
32 80
39 47
68 27
2 19
97 55
27 15
92 76
64 100
43 72
52 30
11 30
26 15
88 60
38 20
76 64
11 42
31 65
83 15
19 5
100 45
55 68
27 49
72 80
70 7
3 14
74 68
38 74
99 47
8 10
46 3
61 62
46 51
8 56
92 54
99 51
50 40
42 39
46 50
31 38
34 72
51 80
86 89
50 79
22 62
52 65
80 61
49 68
99 85
80 66
54 79
22 99
14 100
81 78
51 42
68 56
37 22
98 43
55 50
39 2
86 64
58 40
66 44
39 27
33 71
83 38
23 18
27 100
46 86
53 96
87 86
65 3
55 19
33 98
3 72
15 59
46 61
63 65
78 35
48 68
78 52
45 66
22 88
36 3
22 85
5 26
56 86
64 48
16 81
73 33
92 8
59 69
39 4
70 95
4 39
40 71
81 91
16 34
85 57
18 35
4 2
91 70
89 7
35 99
13 15
71 69
9 33
43 68
92 4
13 32
24 84
19 3
100 89
25 92
100 60
79 84
23 54
80 24
68 58
70 3
33 58
67 61
47 39
54 99
6 58
15 30
53 8
49 64
41 43
72 76
47 89
75 96
65 60
8 95
42 18
3 63
38 69
7 63
31 52
26 20
97 13
17 21
26 9
80 53
87 22
42 46
22 52
80 22
55 19
4 87
11 43
86 34
72 70
27 72
64 16
19 95
71 92
5 89
43 64
51 89
34 81
60 17
34 57
81 47
19 75
2 41
8 6
15 86
29 36
95 16
32 93
70 63
66 5
34 16
83 63
66 73
78 23
23 63
35 100
53 57
93 12
93 11
93 57
62 36
38 20
81 61
86 4
60 28
32 74
61 13
46 88
87 14
50 12
94 15
61 86
64 72
65 78
28 30
84 34
19 48
87 75
54 49
42 40
28 19
39 99
3 67
10 1
48 42
60 81
46 74
90 2
34 70
56 90
49 78
76 32
16 99
64 44
84 13
28 57
70 75
88 31
100 66
82 84
54 28
84 99
6 94
66 10
5 55
51 73
11 65
79 41
21 81
69 17
72 92
28 76
26 90
47 10
52 1
56 57
92 95
62 25
73 71
12 14
90 78
63 23
85 65
2 61
52 98
26 73
60 99
46 47
97 35
46 71
8 48
7 100
76 39
13 85
75 93
16 78
67 76
16 76
42 90
92 5
98 19
82 92
5 33
88 31
80 37
90 63
40 80
34 16
62 19
24 23
42 57
1 66
85 27
92 49
72 53
67 67
58 80
90 62
15 52
77 70
82 73
41 8
29 58
93 100
33 75
65 57
33 27
63 93
61 43
57 37
29 69
49 30
34 61
84 69
80 58
89 75
92 41
89 16
5 13
96 38
21 50
40 68
64 10
24 55
27 44
24 63
74 81
68 3
34 9
74 99
25 78
17 42
3 89
18 52
86 25
75 89
41 1
98 53
52 14
75 32
99 26
13 11
60 96
48 59
87 93
94 100
5 41
20 95
21 81
69 36
9 51
100 39
91 19
58 61
20 76
70 80
90 94
19 53
50 62
75 49
58 66
68 71
12 92
91 66
58 97
33 90
15 74
66 42
70 29
21 29
82 47
83 25
87 1
1 51
83 87
90 34
25 7
44 55
67 33
81 76
30 29
82 7
71 80
51 11
69 83
77 12
86 19
23 38
10 63
15 35
49 52
15 33
7 29
49 31
5 30
74 8
68 64
27 6
1 13
62 95
9 93
33 49
5 84
7 84
86 66
52 2
30 20
47 62
30 59
58 52
98 59
33 29
65 9
83 79
60 28
71 54
96 89
19 74
44 55
27 7
92 66
27 83
5 28
65 93
24 78
6 75
99 99
4 7
33 90
21 60
16 71
55 96
79 33
96 25
31 98
6 98
38 89
83 25
58 51
70 29
67 63
65 66
43 47
43 90
6 20
50 59
24 26
37 6
88 39
54 16
9 27
61 32
81 45
11 13
80 74
83 30
59 45
89 27
66 4
7 71
65 31
70 63
10 65
14 57
52 53
99 71
84 35
36 25
72 26
86 12
42 85
16 40
95 20
2 29
3 95
78 6
71 55
37 38
66 93
5 66
54 71
17 77
19 99
22 67
26 52
22 42
20 32
6 34
11 87
74 20
89 38
17 89
61 10
62 38
100 83
47 61
37 18
79 84
75 87
1 70
88 21
90 86
83 79
21 89
9 73
64 81
36 33
3 22
70 45
4 53
97 85
14 57
67 55
42 67
65 50
66 50
34 69
31 58
18 60
20 56
14 80
15 52
22 49
82 40
98 9
31 30
81 2
24 98
43 99
10 58
89 39
33 10
54 43
31 23
58 32
28 97
21 94
66 1
86 62
69 14
20 68
95 39
37 54
99 55
93 85
22 39
65 27
44 38
76 98
27 32
68 60
28 36
60 79
73 88
79 88
45 38
90 8
60 85
22 15
51 72
34 56
75 30
73 31
15 20
32 84
79 66
7 22
28 15
49 56
41 79
64 5
75 37
88 33
43 76
13 94
64 46
30 9
31 33
20 54
95 40
72 61
23 35
80 33
16 59
46 13
37 57
97 12
66 2
59 70
24 85
83 72
32 20
29 12
48 9
62 99
98 72
40 41
31 33
82 89
27 19
96 26
50 37
68 36
90 34
24 56
53 74
35 51
93 99
30 60
49 76
52 57
35 60
30 88
47 15
80 61
74 5
44 1
14 60
71 27
52 41
66 89
55 3
68 46
93 48
27 8
24 49
6 73
94 58
78 83
13 98
72 10
36 98
67 90
20 20
46 57
36 59
33 6
47 18
23 83
8 8
37 86
68 80
76 10
15 97
49 8
68 95
23 26
49 46
58 92
71 92
18 67
89 97
63 29
99 54
62 85
94 36
78 55
33 42
90 80
56 93
90 97
65 97
5 80
74 1
40 86
19 37
25 41
12 32
7 85
66 79
6 46
13 81
37 14
76 83
91 59
10 60
100 80
85 37
48 68
96 28
94 55
6 49
93 8
86 72
61 9
48 92
39 90
52 77
76 81
13 90
81 61
67 68
57 13
19 25
37 71
22 89
89 28
10 88
94 46
6 92
79 92
11 26
54 11
24 30
81 42
43 7
41 45
4 4
9 1
56 23
92 82
75 20
53 52
79 76
58 42
32 22
26 25
54 54
55 71
11 55
31 5
38 77
48 17
92 28
86 5
40 2
35 19
81 86
4 62
59 21
75 43
11 83
33 63
60 33
8 5
16 58
61 59
7 70
83 24
64 60
48 46
58 38
22 92
36 27
96 93
44 8
6 31
98 37
91 72
41 94
2 79
65 44
54 45
59 69
28 32
24 34
36 58
7 22
40 32
100 77
83 25
58 9
51 23
53 49
70 39
76 9
29 52
50 7
69 42
86 21
47 10
78 90
41 21
48 79
61 71
16 83
32 65
19 39
60 26
67 16
63 52
74 13
75 65
68 66
53 25
42 66
55 28
43 98
1 45
80 25
78 93
94 6
92 69
58 32
89 28
79 70
89 67
95 98
3 65
42 38
63 88
32 2
59 50
18 48
100 17
40 1
74 78
26 19
86 56
91 63
76 25
59 11
18 81
26 91
40 18
79 28
44 41
87 89
72 86
72 41
13 66
72 3
15 54
62 53
23 32
52 2
92 34
30 19
69 42
21 31
90 48
9 24
23 68
25 51
91 21
27 95
13 63
45 15
1 72
41 90
20 87
1 71
89 15
55 53
75 38
30 20
89 57
19 45
38 5
49 5
25 79
44 32
96 58
91 85
82 33
35 67
15 45
82 19
16 76
57 95
17 77
62 33
30 81
92 90
26 70
1 95
69 26
89 14
18 12
83 64
75 3
61 50
38 1
78 78
81 25
1 88
68 18
9 62
96 84
95 99
33 92
37 100
47 85
60 56
65 45
45 20
33 4
85 48
70 46
66 57
43 28
98 4
60 48
74 31
27 6
31 6
32 69
52 75
20 85
83 12
88 67
33 2
78 70
95 80
97 80
1 73
74 7
68 88
17 92
18 4
78 44
42 52
21 13
94 73
33 61
69 22
81 87
73 2
57 28
84 30
9 31
14 2
70 44
55 53
56 58
56 43
79 60
92 83
72 42
63 14
87 94
67 61
72 82
44 52
68 84
88 84
9 83
72 90
60 60
96 17
12 8
36 48
41 90
53 29
36 57
15 77
49 89
39 83
96 24
98 49
69 43
65 33
90 91
66 67
73 52
85 30
20 11
79 72
1 66
53 13
84 43
10 38
99 29
22 64
89 1
56 98
1 96
75 62
93 41
36 89
82 49
31 67
57 28
30 80
66 5
17 81
47 26
28 12
26 72
6 89
23 57
89 31
67 81
72 3
17 72
39 87
80 65
78 77
98 59
90 13
98 42
79 36
97 40
73 44
21 57
16 25
97 26
69 48
96 52
13 99
48 43
17 49
16 10
59 52
22 100
90 16
16 54
83 44
40 6
34 91
77 22
32 30
19 97
93 87
72 81
19 36
27 1
11 72
86 20
39 17
48 28
11 91
62 80
26 13
65 17
51 89
84 76
67 52
5 56
80 61
32 70
24 60
4 33
70 21
63 12
39 18
38 96
37 7
86 46
19 55
48 6
30 88
56 76
74 93
29 35
43 87
14 55
31 16
39 49
68 60
83 77
94 42
93 20
94 32
62 20
9 27
60 47
12 25
38 54
64 2
6 45
76 72
25 28
47 12
64 95
91 53
43 15
29 42
99 23
29 68
84 35
35 48
84 52
94 95
48 76
72 55
81 81
37 75
41 82
24 37
2 88
62 20
14 19
27 92
53 15
56 3
13 33
71 18
95 7
35 38
28 76
18 75
87 57
37 49
11 33
71 1
20 99
3 79
57 84
67 50
11 48
13 54
51 10
27 41
46 71
39 9
35 94
86 1
38 66
96 26
78 8
24 73
63 72
17 59
96 78
94 9
97 63
61 20
26 46
93 55
54 29
57 100
33 34
29 21
4 44
65 11
27 78
24 29
33 5
66 5
78 1
81 53
61 90
21 1
22 3
93 19
57 45
6 1
86 85
31 36
11 40
15 4
62 12
7 35
67 35
31 38
54 17
58 18
7 54
58 32
12 54
49 70
66 17
4 65
28 65
99 63
15 12
2 82
65 31
99 91
43 29
40 78
70 91
87 47
11 9
43 35
3 94
14 40
43 27
83 86
42 18
35 9
70 69
45 39
96 38
80 61
1 96
14 95
35 67
50 74
1 99
49 65
91 69
60 78
19 92
62 32
34 27
82 94
98 2
60 82
77 86
30 29
3 73
71 24
53 12
20 51
59 58
68 31
66 70
78 5
7 91
83 94
33 85
77 22
69 71
51 80
82 26
47 19
52 30
63 65
21 29
23 9
70 47
75 18
10 57
12 6
73 94
5 66
24 35
32 82
69 58
100 49
59 48
73 9
58 9
60 56
72 86
48 30
52 82
83 39
22 72
88 95
28 30
17 95
28 11
4 48
100 26
99 57
97 19
2 61
48 23
75 54
60 49
62 67
65 18
59 54
10 30
18 77
21 61
37 20
35 8
93 2
78 97
29 42
35 63
71 74
77 83
15 51
60 58
48 7
32 51
97 76
24 85
12 46
91 52
75 16
21 59
34 24
19 22
83 58
4 7
94 14
60 19
51 69
53 91
8 26
19 9
24 82
55 71
74 50
100 20
25 31
71 85
44 82
1 39
78 83
17 100
50 31
54 63
5 56
54 18
23 82
70 92
53 53
55 84
81 87
32 81
24 26
82 86
58 83
82 97
32 23
29 88
19 32
59 96
40 47
81 91
96 90
76 45
57 89
20 15
84 82
12 35
69 38
9 50
82 92
88 87
10 45
79 83
31 61
77 53
73 68
97 77
29 16
95 61
39 83
20 5
10 44
71 67
53 16
29 26
2 66
81 28
47 27
97 95
96 75
48 22
77 71
85 55
50 39
81 42
32 7
4 75
100 77
80 53
13 43
71 65
74 85
23 16
78 73
19 39
32 26
78 90
92 76
7 12
27 80
99 37
98 28
32 26
35 35
67 46
88 96
77 98
64 99
3 64
10 89
36 98
99 68
34 12
4 29
2 42
1 99
94 56
10 26
29 34
96 65
27 49
100 9
56 46
54 3
51 97
91 63
68 79
54 8
21 40
83 78
68 33
24 84
79 25
17 16
40 26
46 33
100 43
40 3
64 65
25 56
43 52
23 67
95 70
6 33
11 13
30 90
90 56
6 42
63 28
40 58
93 64
61 5
5 2
69 70
47 34
2 41
35 8
23 34
16 80
53 12
41 23
47 94
88 2
98 93
86 18
28 23
53 61
75 43
4 32
63 24
66 21
37 89
63 95
85 43
5 51
17 49
15 87
34 58
15 59
60 13
21 57
54 86
30 90
37 76
83 57
58 9
29 30
36 44
51 31
18 99
47 70
52 62
55 37
56 60
68 4
76 88
82 44
32 36
92 25
47 35
83 69
40 27
47 100
55 68
100 44
66 55
85 35
35 85
100 8
6 49
32 39
60 22
25 42
67 49
63 94
48 47
42 39
10 67
100 64
35 16
80 72
74 86
11 48
17 96
46 88
59 98
10 91
33 84
51 77
14 67
22 45
30 22
32 98
37 93
77 75
23 55
40 64
57 97
51 94
15 90
94 54
11 88
29 2
57 14
51 100
43 15
8 6
19 89
21 74
21 58
39 69
15 89
44 8
81 4
35 63
65 97
54 43
54 66
24 66
1 43
22 14
40 53
5 80
42 28
13 8
50 45
20 74
95 49
17 100
69 63
38 96
62 69
98 59
83 6
84 46
52 59
45 33
99 93
32 69
51 61
2 25
87 31
49 62
62 31
19 98
73 83
22 49
96 45
10 35
34 64
97 44
30 94
52 63
11 35
42 20
24 33
49 61
28 5
90 85
100 65
36 44
15 31
75 43
67 50
55 12
24 91
69 90
53 78
25 86
35 76
68 34
20 29
54 69
77 19
9 61
84 85
41 72
39 6
95 49
45 13
30 38
21 53
67 57
22 20
88 66
31 50
73 14
33 37
32 13
41 3
21 10
95 7
73 45
57 72
68 34
24 16
8 49
71 85
55 77
21 43
12 97
89 85
65 85
20 70
34 25
8 65
28 17
5 91
70 79
75 37
94 87
99 91
78 55
28 81
28 90
42 12
47 19
28 75
19 30
91 11
50 80
38 5
99 44
40 31
5 47
40 19
87 91
77 65
32 37
25 32
53 85
44 83
12 6
12 39
74 81
20 89
76 65
92 74
58 50
46 47
69 44
71 29
57 92
92 86
19 60
65 84
46 75
30 96
13 22
58 34
25 77
72 74
85 8
10 22
15 100
6 30
78 89
11 13
95 70
35 100
38 37
22 97
84 59
32 63
54 78
36 55
21 19
7 25
17 32
66 15
49 20
43 81
80 32
9 47
14 69
22 17
67 52
37 37
72 7
83 7
60 94
7 100
45 48
29 78
65 90
14 77
64 42
73 94
99 66
90 68
70 29
72 78
86 3
27 97
4 45
98 55
22 99
50 40
7 85
54 72
72 88
47 67
12 93
65 46
67 77
85 48
55 5
24 8
38 87
38 85
100 56
96 59
22 62
91 91
79 79
81 85
14 22
63 13
52 68
20 93
18 30
40 89
30 39
90 80
28 13
60 18
48 51
82 73
23 82
1 16
72 93
15 85
83 42
84 97
99 65
57 35
37 96
13 41
95 57
89 13
100 73
41 67
41 68
79 13
95 11
18 79
73 9
80 18
1 97
9 34
34 65
60 54
48 63
83 38
22 67
8 88
22 4
25 17
81 35
88 17
26 33
87 17
88 7
60 71
98 49
37 15
64 11
73 65
89 33
13 79
83 49
8 81
50 9
77 39
21 76
31 15
49 65
75 12
65 31
4 47
56 73
13 47
94 58
48 20
48 80
65 30
47 21
7 12
75 63
2 52
40 39
10 55
64 44
20 84
31 2
61 80
48 11
1 10
93 78
15 91
16 65
41 49
27 55
27 54
56 9
74 44
66 78
64 44
59 69
28 95
65 86
97 88
52 81
35 1
44 79
25 35
31 30
82 33
59 65
52 15
13 81
96 14
85 82
68 39
97 35
77 70
69 89
66 20
55 15
89 54
58 12
14 8
33 86
83 9
27 65
32 54
65 36
86 6
12 10
14 95
81 87
47 13
33 23
3 6
43 45
68 89
80 57
19 8
26 50
33 23
48 98
38 49
83 59
77 9
20 70
72 10
57 74
11 90
93 58
46 1
97 58
47 31
4 84
38 73
88 80
76 43
42 16
47 49
58 66
72 22
46 90
34 29
77 33
8 15
50 99
18 53
30 88
67 34
92 72
88 90
28 57
12 73
21 91
12 96
48 8
13 99
15 78
65 86
38 87
47 9
69 73
38 69
89 35
58 45
42 20
24 18
46 16
78 11
44 75
28 16
2 97
2 8
53 22
16 22
73 18
23 43
19 44
20 14
51 35
65 87
11 19
9 43
11 11
51 27
77 94
12 83
35 45
3 32
89 13
10 73
53 70
13 9
55 25
8 5
14 9
84 28
85 14
2 96
36 57
34 91
45 14
79 51
27 41
93 55
79 96
69 63
35 68
95 68
44 39
8 80
50 21
26 22
6 90
55 95
87 67
45 27
4 95
26 3
6 42
25 87
80 84
11 60
13 18
11 50
59 38
51 56
50 17
15 70
88 46
53 82
84 91
55 55
50 41
23 64
75 3
10 85
69 6
3 78
27 17
37 65
87 74
74 50
38 2
26 57
43 71
96 97
37 3
97 62
70 51
59 36
50 77
93 79
9 99
13 5
56 92
99 46
74 91
92 44
48 67
55 2
89 16
60 96
86 51
83 18
64 63
26 68
16 3
39 99
23 91
100 78
34 74
70 71
87 58
70 15
51 23
22 26
35 69
55 65
22 87
25 7
89 58
62 33
29 17
71 89
87 86
97 96
35 38
57 15
90 93
21 96
91 9
23 62
10 69
70 41
44 92
86 13
75 12
85 46
14 6
36 38
1 20
50 22
74 95
57 74
27 70
47 2
94 81
27 41
6 88
7 88
34 92
79 64
41 65
53 77
11 71
1 43
51 6
1 56
68 20
44 5
16 87
37 75
95 9
64 86
57 81
23 31
55 23
20 51
87 29
39 63
13 31
17 46
49 73
96 76
28 57
96 98
78 41
79 87
36 40
10 27
59 19
36 81
42 54
10 3
7 50
35 61
38 93
32 53
56 48
70 6
24 31
19 48
97 85
88 7
36 41
89 40
37 92
64 30
65 96
82 90
90 25
88 1
22 72
61 5
77 72
47 14
86 35
33 43
55 56
47 72
37 25
1 29
71 84
88 3
96 39
82 97
91 1
41 100
83 52
68 26
81 59
64 97
86 34
73 96
37 20
8 47
23 99
10 65
91 3
51 40
18 9
89 45
81 89
70 35
6 45
70 90
98 22
94 50
28 50
80 36
50 87
13 27
61 90
4 8
52 9
76 88
16 35
74 20
47 87
41 11
19 76
80 55
4 85
99 95
73 62
100 44
82 22
58 15
90 42
42 18
70 33
47 69
43 33
82 1
86 47
48 13
92 61
61 100
10 6
37 36
100 35
7 70
99 5
12 66
85 67
27 7
8 55
22 29
6 92
68 21
86 86
66 46
22 22
78 95
75 85
25 41
23 19
72 14
30 21
71 28
68 60
59 45
37 93
52 99
59 46
89 33
38 84
15 16
62 39
79 42
29 12
1 76
72 39
98 15
67 65
65 39
94 35
66 4
33 82
44 52
90 15
25 22
80 73
48 74
95 49
61 41
18 6
88 23
46 87
32 1
28 11
74 44
47 67
57 30
97 36
3 34
81 61
96 20
61 55
31 8
96 85
68 31
40 84
30 92
48 34
9 31
68 80
21 68
86 45
65 100
55 18
24 97
41 59
100 19
80 56
37 25
73 3
22 98
14 8
42 90
64 97
58 11
12 76
98 46
36 66
29 32
61 66
71 90
78 14
6 52
95 22
44 56
92 47
54 17
11 21
14 31
61 48
33 79
51 45
51 71
13 98
35 48
77 55
31 22
25 81
3 1
99 80
51 20
81 29
22 54
23 12
34 58
12 12
92 8
33 7
34 100
94 69
27 89
62 82
70 58
3 43
4 85
42 51
55 84
85 100
75 90
75 56
42 58
56 9
92 100
94 35
2 63
24 69
90 99
93 82
29 48
53 52
37 35
28 1
96 77
96 68
59 63
75 95
88 9
79 21
100 68
87 15
52 37
78 86
92 95
76 39
61 11
6 72
97 26
71 79
90 39
16 24
4 71
90 38
8 10
67 42
44 12
89 97
67 77
81 61
21 86
67 76
80 69
18 44
81 61
62 48
84 66
8 9
43 74
68 6
90 31
97 28
28 78
31 98
35 22
65 44
52 65
56 41
66 43
28 26
33 26
50 11
50 49
47 30
58 45
24 19
43 85
24 28
51 81
47 72
13 82
57 49
1 72
27 43
56 8
25 10
75 35
32 61
53 63
75 98
8 85
82 67
49 82
81 87
37 66
26 14
40 95
23 74
63 87
34 46
10 58
29 8
91 100
55 58
7 30
13 70
63 70
13 84
61 91
70 38
94 38
29 14
47 67
30 51
79 75
97 57
85 26
51 61
39 66
37 98
7 7
44 83
90 97
31 15
7 44
52 56
66 23
57 1
4 6
25 68
36 89
11 47
70 70
17 34
32 74
34 60
65 25
16 4
19 94
73 48
72 45
5 9
94 15
98 75
79 86
23 40
70 60
56 28
24 37
57 75
65 31
11 66
54 49
17 67
2 25
89 3
38 85
84 23
95 7
24 4
35 4
95 3
90 84
48 8
13 28
93 24
19 95
69 53
29 46
42 1
99 72
92 62
67 98
55 10
96 97
26 58
22 46
6 1
24 7
84 11
73 40
87 69
31 8
73 57
93 62
70 10
39 76
75 17
11 14
29 86
20 9
67 3
41 90
51 30
34 49
95 50
38 81
79 81
95 86
28 52
17 56
56 55
27 16
97 80
74 91
3 89
42 100
20 69
86 48
41 81
27 41
32 94
67 14
52 51
15 83
3 96
20 16
87 91
61 79
45 23
80 35
89 96
27 85
62 72
76 71
12 18
20 26
32 99
14 94
11 14
85 37
8 99
20 88
35 97
28 31
55 61
13 91
66 25
78 6
51 57
12 32
82 11
77 2
28 64
34 36
87 99
82 41
91 51
46 87
79 7
65 81
85 78
94 5
13 30
9 90
60 67
36 69
30 69
59 87
87 34
17 71
23 76
25 94
38 89
77 28
56 79
47 34
24 46
82 81
47 43
26 58
45 46
1 36
5 50
37 4
62 57
25 60
2 1
57 52
13 31
67 1
44 14
13 87
44 37
92 85
48 43
47 30
18 17
60 81
61 1
17 36
25 46
15 63
83 1
66 100
4 90
54 98
32 47
56 29
12 52
17 61
46 70
26 71
30 41
57 42
28 27
9 31
83 92
16 42
26 71
71 86
80 24
46 98
72 67
100 82
99 71
73 86
49 39
5 16
25 52
72 3
26 42
86 41
86 33
37 67
8 77
7 51
16 83
95 79
64 25
40 72
51 8
100 68
74 19
95 67
30 32
70 56
45 44
57 91
7 20
60 24
59 17
15 38
91 66
14 26
1 58
33 60
79 51
18 26
83 14
39 43
36 83
72 62
89 64
79 40
95 16
15 19
74 53
100 24
12 76
1 51
85 19
29 73
63 22
2 6
16 70
93 74
52 18
73 34
46 17
81 68
49 46
21 42
6 64
39 72
19 60
46 59
50 98
55 13
84 96
91 26
15 71
7 15
67 50
27 10
89 59
48 70
76 14
8 45
97 86
3 64
73 24
15 49
67 18
78 73
16 64
41 35
86 54
87 24
25 21
4 46
18 7
85 30
72 61
56 84
62 82
16 24
74 18
22 38
70 52
50 48
24 67
53 4
45 19
64 77
34 90
30 92
74 48
60 41
83 71
68 63
76 89
98 13
67 38
5 45
89 89
60 86
48 56
52 74
64 39
100 11
85 97
45 27
10 45
12 18
39 45
56 17
67 23
76 23
96 1
60 76
73 60
69 38
50 9
92 52
78 86
55 92
94 100
64 31
24 90
26 80
49 7
12 72
72 76
80 7
40 21
84 50
61 3
66 36
62 85
75 96
17 77
7 75
89 68
41 78
4 44
93 32
27 1
87 66
50 61
30 91
21 18
68 94
56 38
39 21
81 86
56 99
39 9
84 10
7 8
84 7
49 93
82 96
2 54
60 29
34 10
79 85
89 56
62 53
74 22
86 73
51 45
96 68
84 86
57 4
22 5
61 14
33 84
90 94
70 17
23 99
77 85
78 24
8 46
3 55
75 72
86 4
7 3
77 32
38 1
92 3
36 5
99 93
11 87
41 4
28 58
64 44
8 44
73 30
34 75
68 23
20 59
22 12
92 65
17 2
15 93
55 16
10 69
8 77
25 68
89 85
64 15
42 82
71 35
48 18
57 33
78 12
67 86
69 83
70 20
64 73
59 43
63 54
24 20
92 5
62 78
57 41
4 30
23 46
41 41
90 27
55 66
28 75
15 52
84 68
3 92
83 24
46 36
75 73
19 44
69 5
99 52
42 95
67 43
35 33
82 30
78 47
58 16
58 18
19 40
37 42
68 89
68 89
12 34
39 15
70 63
26 52
37 52
14 60
73 76
25 76
31 91
86 1
36 82
3 8
63 1
80 92
70 88
73 81
2 26
2 62
49 79
31 58
10 46
42 59
40 29
33 41
19 54
80 33
74 8
44 90
99 5
24 62
82 7
27 78
27 92
85 87
16 67
15 14
89 60
74 63
87 46
59 76
18 32
59 29
40 99
66 99
38 32
57 18
47 8
82 50
16 2
28 19
11 31
90 83
21 31
68 97
70 98
9 79
91 18
24 100
43 29
63 70
62 3
11 70
95 94
34 93
82 80
12 8
13 35
67 53
50 21
100 78
40 85
73 56
71 90
36 26
79 13
14 31
44 93
47 35
13 59
85 18
92 53
23 71
38 30
22 33
75 6
23 87
6 96
56 55
28 48
49 51
18 67
38 51
1 18
5 16
33 40
11 20
78 80
1 58
32 41
19 55
47 63
48 29
54 19
34 76
4 57
19 84
20 82
1 20
65 7
77 80
6 29
63 25
95 85
86 70
27 70
27 29
42 68
1 79
16 92
68 81
33 40
72 29
60 56
87 12
32 96
16 75
66 36
91 92
86 6
36 64
82 69
5 62
42 27
22 33
15 86
32 43
89 3
69 87
53 53
80 26
99 84
53 27
85 63
89 71
84 28
66 9
55 42
82 20
71 58
43 55
92 18
94 43
78 95
8 68
19 59
90 69
66 55
67 16
71 3
44 21
18 78
35 2
8 22
94 68
84 59
56 79
39 13
20 79
26 92
59 38
82 4
63 99
68 16
48 4
61 76
74 53
50 59
25 24
16 61
58 94
18 41
94 30
76 54
88 53
59 74
46 85
24 53
98 17
67 64
7 25
54 73
48 76
79 13
70 51
84 56
2 46
40 12
74 9
52 78
19 12
87 88
18 92
48 34
73 62
50 83
54 77
45 34
68 18
16 54
60 37
50 23
40 10
42 83
71 62
56 55
87 70
44 9
34 78
76 41
41 71
88 87
28 36
4 62
50 46
25 41
93 17
40 26
19 5
75 75
38 61
3 18
92 20
68 73
18 82
62 64
40 82
52 92
52 39
48 71
90 85
10 70
66 68
45 80
80 95
65 17
38 94
4 98
93 9
10 15
96 59
12 66
73 56
97 75
18 80
5 64
77 83
66 7
97 34
5 21
91 22
52 55
23 88
69 2
88 47
48 28
100 71
50 80
1 62
68 60
45 81
84 82
6 46
29 73
74 81
84 17
42 5
31 79
36 20
62 34
67 15
33 66
13 48
24 58
18 1
31 23
20 33
42 49
65 78
70 86
20 42
38 46
27 72
96 85
91 41
88 92
37 17
53 86
5 57
70 3
35 73
75 74
71 94
14 2
13 40
27 23
47 29
51 21
95 85
7 97
88 42
16 40
18 26
69 60
88 75
3 35
20 28
64 23
72 53
32 50
39 14
6 19
32 34
60 22
10 51
31 84
79 73
49 29
57 79
11 68
57 49
96 34
85 28
33 32
99 74
24 13
15 51
32 91
51 57
71 83
4 31
50 37
53 52
38 5
77 22
9 79
86 29
36 91
65 4
40 48
25 80
19 1
84 60
54 23
11 13
49 47
5 88
49 6
45 36
3 67
42 82
53 71
39 35
100 42
72 52
73 71
46 84
41 33
77 98
99 19
34 40
40 76
79 100
40 57
16 20
56 11
64 84
47 44
73 1
5 36
66 55
70 64
28 49
20 98
92 63
95 34
94 86
43 96
21 81
3 9
46 89
64 67
15 12
39 95
85 49
83 58
20 3
22 18
76 6
51 46
89 29
94 24
11 23
52 79
32 81
60 72
95 20
35 28
3 40
52 45
23 84
75 97
27 53
93 24
16 44
4 95
24 34
100 65
70 65
5 15
12 17
89 62
12 72
30 65
17 16
39 37
58 26
30 80
43 99
91 21
74 97
82 8
89 99
68 93
97 11
51 9
35 80
30 25
21 45
67 38
7 94
13 64
74 31
90 78
41 12
50 32
60 91
35 74
25 44
75 20
40 71
70 78
100 69
23 56
64 69
11 83
64 48
24 37
24 93
67 54
39 71
94 12
62 98
90 56
34 31
18 71
58 83
71 83
42 50
15 25
88 71
8 85
74 37
5 61
35 87
36 43
33 62
60 64
73 65
78 8
21 44
99 11
62 58
54 59
60 85
75 80
75 50
86 12
50 90
18 44
31 73
8 97
39 64
35 88
70 21
90 45
85 99
76 41
49 1
68 6
56 45
74 17
54 58
35 71
73 32
33 13
94 49
76 67
24 68
90 97
67 76
19 80
41 34
94 73
74 49
32 61
55 53
34 50
30 88
72 10
15 1
22 32
25 57
91 93
70 3
32 93
55 93
29 63
19 67
63 12
46 87
30 72
45 4
75 64
39 10
59 54
45 40
93 65
33 27
57 14
31 83
45 55
38 31
12 51
41 5
56 32
71 73
14 34
41 91
7 80
36 26
81 57
61 48
87 16
12 52
54 20
44 26
89 14
87 15
78 38
72 20
59 32
61 87
77 56
8 69
83 42
61 86
82 36
83 26
61 32
9 30
55 46
56 100
90 30
39 75
68 34
15 99
99 92
18 23
52 59
20 59
23 98
93 56
53 75
98 86
4 38
21 27
92 34
85 24
67 6
40 30
1 31
3 19
96 54
30 83
91 34
90 29
92 9
40 78
7 86
58 73
36 85
76 62
7 40
75 1
2 79
47 43
50 38
65 50
93 88
64 6
53 75
11 44
49 96
38 67
31 33
76 1
26 43
37 50
78 42
87 42
65 97
3 92
58 96
79 82
9 42
12 77
15 14
42 94
39 26
51 31
97 8
34 68
59 36
40 87
86 34
87 10
61 29
56 90
40 74
17 1
93 13
13 2
56 67
17 64
25 24
28 12
78 11
60 84
20 37
61 39
31 37
27 24
7 71
22 65
30 17
23 88
49 93
97 100
49 5
11 55
75 79
31 36
68 48
2 15
61 55
32 88
24 21
60 83
56 66
65 12
3 51
47 28
50 38
69 22
16 78
56 5
98 33
22 75
9 69
39 21
22 43
6 94
26 83
88 89
53 73
95 18
36 55
16 96
60 48
60 90
83 56
73 77
24 86
18 60
75 100
76 15
3 12
20 84
68 53
71 88
88 59
99 82
52 80
97 7
36 39
62 33
17 51
22 54
66 79
7 44
41 36
54 77
28 32
2 25
36 84
63 81
64 74
13 45
31 12
44 40
76 58
47 47
20 6
11 63
83 40
25 37
62 87
16 85
21 58
93 48
97 67
47 52
49 96
72 82
23 52
2 75
48 9
5 89
93 11
33 68
47 26
15 56
12 11
86 1
13 71
58 94
19 59
37 87
60 22
66 51
75 21
73 11
87 32
73 14
4 9
51 1
41 64
80 90
12 97
100 59
86 34
57 61
18 76
48 14
64 35
29 23
1 10
57 72
15 23
71 57
59 91
51 77
82 56
59 32
46 19
58 21
6 77
56 66
73 82
93 31
16 14
27 18
90 58
33 96
21 59
36 52
48 32
8 92
90 27
11 32
47 51
24 8
6 19
55 57
21 24
48 63
54 92
28 77
14 66
8 81
93 40
40 38
29 42
4 37
55 35
74 51
68 35
99 73
6 87
54 30
55 27
83 48
66 68
49 10
29 2
63 5
95 74
10 72
64 36
53 41
78 62
54 2
67 79
21 81
43 97
13 19
11 7
18 54
3 21
59 69
14 88
60 68
98 80
96 94
5 86
46 30
3 57
51 29
61 67
11 99
9 36
42 23
96 4
37 64
42 28
10 20
71 59
55 56
50 1
21 28
83 89
74 63
33 89
57 45
40 5
41 50
96 96
19 65
61 37
4 76
48 49
80 99
51 71
34 2
48 11
59 29
49 70
38 98
7 65
72 36
56 47
96 79
30 65
37 17
41 15
1 13
2 84
5 39
7 22
26 34
22 47
85 96
43 17
49 50
50 51
38 92
31 67
62 63
80 83
37 72
82 16
35 21
73 19
71 89
50 71
2 5
22 70
86 30
10 33
97 76
61 16
18 78
99 43
43 35
53 15
71 94
27 2
36 79
84 38
80 46
6 54
96 96
10 91
72 83
52 43
82 87
26 22
34 59
37 23
90 91
19 21
44 99
66 31
66 49
55 32
13 22
65 40
38 58
35 48
73 90
77 60
91 6
91 88
29 74
21 79
85 32
47 46
26 56
56 57
76 32
28 28
22 9
42 26
46 3
82 10
88 58
64 66
11 15
89 32
36 74
72 13
90 96
5 15
81 76
21 78
92 23
46 40
89 18
66 78
31 93
15 74
2 86
67 30
94 3
55 96
84 48
7 30
99 2
14 12
12 48
42 10
99 19
89 16
3 15
82 96
14 47
10 83
38 24
48 24
47 38
31 52
24 91
83 86
39 70
3 23
98 35
26 14
18 56
32 70
2 34
89 70
77 63
33 10
23 49
1 87
7 4
28 31
23 32
58 53
4 92
5 40
1 24
95 69
28 21
71 18
8 41
69 41
5 57
94 79
3 50
37 57
39 68
15 78
55 100
85 6
2 100
42 55
65 66
55 16
17 63
53 73
92 50
59 32
32 70
88 62
97 74
81 8
94 77
63 98
26 41
43 28
16 96
16 91
99 61
18 76
100 46
58 97
47 63
48 53
99 83
10 93
12 14
82 15
72 53
90 30
30 75
51 14
73 67
82 97
34 59
98 2
47 33
77 59
76 8
4 20
37 57
28 70
79 35
54 69
52 58
70 59
70 58
72 93
63 92
1 52
56 5
53 59
79 55
96 53
29 17
59 87
97 94
75 40
23 8
3 76
18 65
56 64
38 25
61 72
53 22
92 74
87 8
59 99
69 4
34 16
63 62
11 23
97 81
12 84
17 83
33 49
29 82
3 5
31 44
90 72
18 20
71 53
67 42
77 3
7 35
15 5
71 62
27 92
36 31
92 88
99 38
23 100
43 3
97 85
82 22
34 62
26 74
10 91
22 13
62 97
84 2
64 16
19 33
61 100
12 37
98 86
57 25
13 19
62 68
7 81
18 49
40 17
64 67
46 56
89 70
91 93
67 61
46 45
95 23
70 53
84 93
68 88
62 31
66 75
17 6
76 77
86 71
62 38
36 86
43 48
44 30
39 77
65 57
54 76
34 31
87 45
84 96
19 89
10 39
21 39
61 84
94 72
12 85
21 34
56 29
89 43
7 74
21 71
11 97
84 19
5 86
84 6
57 96
58 98
20 59
84 29
4 20
52 73
64 15
87 79
42 99
84 64
90 57
72 75
95 17
99 4
92 50
35 3
38 28
47 86
94 22
37 89
70 12
15 4
80 63
3 48
8 82
71 21
10 97
90 97
12 56
94 40
11 27
83 14
89 89
87 57
98 84
74 88
7 69
47 25
76 87
12 94
98 26
85 99
84 86
16 62
35 58
47 80
63 77
99 48
100 31
82 88
14 9
64 60
78 27
79 39
16 3
32 48
81 44
77 45
75 44
62 18
73 80
60 41
20 10
67 71
33 100
73 89
99 27
38 24
69 60
87 78
44 55
1 16
13 61
56 15
10 72
89 83
36 93
78 57
54 95
85 54
91 69
43 55
14 71
58 48
27 17
23 47
70 40
34 51
18 73
49 22
55 42
44 35
48 70
71 57
50 90
67 18
28 17
91 71
22 45
6 36
38 80
93 55
36 76
56 7
59 17
8 3
29 59
50 45
83 66
98 40
63 21
38 4
23 69
52 62
27 72
41 25
20 19
19 2
44 51
56 11
95 11
3 50
17 95
85 10
97 95
77 26
20 79
77 28
12 85
81 83
16 71
53 26
8 85
10 91
8 85
15 76
86 40
90 36
60 54
82 95
92 26
75 51
96 90
57 15
43 38
64 29
51 53
42 97
14 61
45 24
73 30
15 85
79 58
65 70
12 23
22 42
51 60
26 38
47 16
45 54
75 39
3 39
48 19
18 86
32 43
8 49
51 88
21 20
83 97
82 24
25 82
87 98
74 18
72 24
85 23
87 46
31 80
34 39
43 48
12 50
7 18
80 21
55 97
37 78
53 33
90 24
98 89
3 12
63 30
45 47
19 47
15 9
17 27
76 9
74 63
76 81
31 69
16 100
2 13
100 63
51 68
94 3
44 66
63 28
51 7
37 52
6 41
37 77
42 94
38 95
10 61
76 20
15 45
13 66
14 6
27 29
50 21
45 53
36 84
32 43
62 21
34 8
22 60
56 20
58 15
70 10
46 25
86 37
92 1
73 79
31 35
22 13
6 72
99 15
54 81
40 27
27 52
50 53
68 8
20 11
28 98
51 68
49 86
90 87
10 8
56 65
16 13
81 27
84 77
39 65
72 67
5 38
30 75
17 71
62 48
20 9
76 85
48 68
1 11
48 34
43 28
55 61
4 54
48 80
33 85
53 21
100 64
45 57
53 5
24 71
2 57
85 26
57 24
47 47
69 39
74 61
21 11
67 10
31 68
56 91
6 46
70 70
97 5
89 34
27 74
12 65
30 94
38 45
44 83
39 25
18 17
83 79
28 28
8 39
32 11
52 86
44 9
51 7
44 66
28 5
8 47
84 82
91 56
2 42
42 58
17 85
52 44
34 56
56 9
81 99
79 84
22 18
47 93
54 82
77 76
4 33
50 22
71 81
77 98
16 6
13 99
5 75
25 6
56 89
94 22
45 4
33 85
16 72
100 55
4 92
2 91
83 60
6 52
30 13
7 58
93 74
80 73
49 100
2 59
97 25
77 12
61 44
6 10
73 1
24 63
55 79
23 29
72 67
46 34
77 43
28 65
28 94
54 8
3 96
60 33
28 25
21 19
66 20
20 1
49 32
15 39
65 94
18 88
59 30
36 6
77 96
26 77
45 59
49 33
57 50
52 53
36 76
76 87
81 44
29 30
50 32
97 17
39 35
62 84
90 96
67 32
77 15
21 95
32 5
62 36
89 73
66 71
20 85
64 22
32 57
72 38
6 45
72 84
19 40
95 10
22 63
49 2
47 22
97 10
88 59
82 31
12 77
28 85
50 94
48 38
91 60
42 98
97 4
29 13
82 83
87 17
30 54
72 24
36 12
70 74
68 8
83 44
97 84
84 14
49 59
5 41
26 14
34 19
58 93
13 31
13 95
64 99
30 26
28 57
20 68
58 43
45 86
17 25
18 42
51 11
89 26
13 86
29 9
84 70
48 55
38 38
96 45
34 85
72 94
68 76
14 74
9 28
23 39
14 40
90 81
53 55
4 56
83 79
21 65
61 50
35 80
82 19
24 6
8 55
23 9
37 86
50 32
72 8
68 75
90 21
41 48
67 15
49 84
14 92
42 22
67 80
100 49
90 98
82 48
68 47
9 99
36 59
7 63
74 62
81 96
56 19
81 9
54 87
28 42
14 57
72 78
51 3
93 10
54 21
24 73
12 65
5 58
48 64
24 72
60 48
51 97
10 11
83 64
11 16
89 74
2 58
46 57
68 71
54 8
69 29
32 7
60 53
40 85
28 32
78 13
56 74
24 80
14 43
15 4
19 84
14 56
72 70
68 6
48 73
89 20
76 6
35 11
40 31
16 88
53 82
99 53
38 48
52 20
30 82
68 74
69 29
45 63
39 29
16 40
31 39
23 37
68 16
39 51
59 17
17 27
13 55
8 19
45 81
18 59
78 14
61 6
61 75
11 21
77 66
4 49
80 94
65 66
5 2
18 49
4 70
91 87
65 40
1 13
6 74
60 50
69 55
57 96
40 6
28 43
59 4
38 22
18 45
35 9
87 51
27 15
8 97
16 14
68 67
66 77
98 54
27 15
55 57
66 41
58 94
98 44
94 17
92 97
15 34
18 48
17 19
18 83
52 7
69 91
76 5
78 92
85 83
100 60
44 89
1 81
51 60
48 75
30 26
98 74
27 40
41 67
37 30
48 73
97 16
85 25
16 5
17 9
70 96
22 98
56 63
16 23
62 61
33 27
22 92
90 65
88 15
8 68
72 51
24 48
71 66
42 63
80 89
69 33
70 51
12 54
27 53
16 28
39 91
47 69
100 59
35 5
21 98
60 41
39 92
32 31
50 17
19 63
41 53
75 18
55 36
80 53
30 89
46 33
87 34
79 52
36 16
41 37
59 86
84 63
92 89
84 39
6 19
99 13
54 78
57 33
90 59
43 36
33 80
20 59
73 58
59 61
96 56
72 47
38 68
95 79
36 76
91 100
97 74
96 38
20 62
58 16
4 28
55 11
58 71
45 40
13 83
38 20
52 16
40 46
45 45
47 43
52 52
30 43
56 32
92 91
52 44
4 46
43 45
3 89
95 26
87 54
75 74
22 36
6 5
99 6
86 96
41 4
8 49
10 90
58 98
43 33
60 15
90 18
88 94
14 63
14 64
27 46
56 89
30 42
46 14
9 86
57 70
53 42
35 56
51 58
7 85
98 86
2 64
33 80
95 40
47 89
89 67
11 41
19 95
63 10
47 37
70 86
63 100
47 28
77 18
12 74
26 15
94 29
71 48
84 18
43 29
42 85
71 64
46 31
88 64
74 46
12 37
38 49
36 70
6 100
95 1
18 82
94 54
31 94
93 77
78 97
27 87
81 94
2 83
21 3
66 63
58 73
5 84
83 86
90 90
24 50
22 19
98 28
11 21
1 19
49 60
98 28
10 38
64 84
96 72
66 90
88 47
41 78
84 90
46 88
9 13
55 60
56 21
39 16
2 43
42 93
90 9
75 18
44 46
87 92
73 47
42 38
16 6
63 5
35 33
92 3
2 27
25 83
87 50
97 32
87 73
12 79
20 10
41 85
40 70
28 44
1 80
67 5
84 2
15 68
67 51
57 42
55 67
13 2
10 78
60 48
74 73
95 63
93 89
98 48
79 80
49 28
35 5
20 65
93 66
45 95
16 73
4 42
30 1
56 49
70 20
6 1
79 29
57 17
23 42
53 6
84 97
38 81
62 36
9 16
89 4
68 78
58 67
16 57
14 78
8 80
28 76
79 58
60 14
49 5
14 78
16 26
45 71
29 91
48 87
81 77
33 89
40 70
69 72
37 41
78 97
30 31
11 96
37 68
7 73
27 15
54 19
66 6
63 83
41 30
16 83
78 30
78 23
21 83
69 65
29 24
62 72
22 84
59 62
51 63
45 2
23 42
9 46
27 11
35 53
13 98
62 87
56 34
51 36
67 34
5 90
98 9
36 33
86 21
27 68
34 48
93 6
26 88
57 32
5 42
22 27
86 60
93 64
4 40
15 8
6 100
19 70
37 51
40 33
33 24
16 13
12 70
27 93
96 50
40 31
31 74
79 37
29 59
70 9
30 78
6 73
52 46
8 53
31 93
47 38
30 16
53 71
35 72
36 25
30 37
61 16
89 45
26 49
48 57
65 13
68 19
86 100
15 66
7 48
82 25
77 75
71 49
20 81
7 71
12 2
33 79
54 54
31 90
72 49
16 90
22 46
27 49
2 60
7 49
53 21
2 57
75 86
5 52
65 99
3 64
6 65
96 36
93 54
20 98
50 44
43 99
55 21
40 84
86 79
63 48
19 61
59 29
97 39
27 31
32 19
73 35
64 74
34 12
4 45
38 2
73 22
21 12
74 87
21 57
80 91
25 56
100 21
77 93
58 85
19 90
73 31
89 14
47 81
64 22
77 96
94 4
75 69
95 38
76 30
13 38
64 14
17 66
78 97
87 58
1 99
19 65
41 75
31 18
90 60
48 37
74 7
47 57
5 62
37 16
93 41
84 96
91 92
93 3
43 87
72 54
32 76
66 77
16 39
47 6
18 97
42 80
22 60
57 49
14 33
30 75
49 1
32 21
98 86
63 67
44 97
15 41
55 33
85 43
15 65
70 56
79 15
83 84
26 40
73 38
60 77
78 63
47 81
71 28
65 9
15 3
76 56
28 45
79 11
10 28
23 58
51 30
47 70
51 49
74 29
49 26
84 23
48 33
82 58
8 26
94 47
100 9
46 23
17 13
90 2
28 9
96 85
88 38
1 92
44 18
76 28
36 67
72 96
93 80
28 69
96 43
37 66
72 31
65 39
2 17
27 35
97 94
39 93
8 34
80 39
68 68
33 71
13 71
62 18
73 7
37 96
100 74
36 76
15 67
60 26
66 80
31 23
49 87
27 37
52 20
25 92
67 2
85 45
8 6
8 76
2 26
87 48
94 67
19 34
85 91
10 94
5 89
75 44
93 33
79 45
4 5
29 12
93 41
63 48
76 42
23 81
8 21
29 80
33 88
11 44
90 3
8 48
57 40
38 38
71 71
35 7
28 31
73 45
33 99
79 90
19 32
85 83
86 99
55 73
93 36
6 32
64 9
55 51
87 42
19 27
48 70
75 29
64 16
87 26
24 65
29 28
19 52
94 83
27 75
60 18
75 92
33 99
67 34
65 6
17 27
30 99
58 23
76 29
54 43
18 84
19 59
14 5
54 36
27 16
60 84
69 54
38 84
66 51
92 84
14 40
10 17
77 40
9 60
54 20
61 5
28 15
93 91
43 11
89 2
84 9
27 95
29 27
58 10
13 95
91 50
15 65
41 25
65 17
62 21
14 11
66 49
55 84
46 78
12 34
23 29
21 28
6 45
75 39
28 50
88 57
93 96
82 70
23 83
14 2
91 43
86 55
56 38
8 50
19 28
45 40
85 59
96 94
62 17
72 83
63 16
79 25
38 91
13 81
54 75
63 40
4 29
39 45
33 31
8 73
15 89
64 36
90 77
18 69
27 5
90 91
79 49
2 81
87 69
30 14
100 94
54 83
96 29
51 10
40 70
12 7
2 78
68 52
60 27
27 9
32 89
12 84
46 29
76 30
85 86
76 20
79 32
95 69
51 47
50 100
7 78
23 4
67 30
14 9
50 44
60 84
59 4
58 42
13 46
12 53
67 47
84 45
45 4
54 71
48 68
75 22
85 52
24 25
17 7
78 6
25 72
21 8
31 72
48 26
40 21
31 48
71 95
74 41
62 46
79 38
84 19
38 89
25 48
39 35
24 91
26 6
73 52
93 18
16 24
37 81
69 17
34 88
75 2
27 71
23 85
60 38
70 82
20 35
96 76
49 41
47 52
47 15
54 27
67 52
23 48
77 40
39 23
35 66
87 29
57 50
68 68
36 64
9 90
16 89
43 32
45 56
99 46
16 97
1 85
84 10
22 21
35 37
15 46
41 39
60 42
98 64
40 69
42 22
53 5
100 71
76 64
43 93
42 5
92 10
7 34
33 57
29 42
14 7
24 54
58 16
84 33
67 93
10 11
27 45
48 4
45 38
15 32
98 64
71 70
17 7
58 90
98 39
70 2
15 100
69 63
19 91
93 12
79 5
53 72
42 92
2 25
79 82
15 29
80 99
42 73
59 46
25 78
89 65
21 76
17 8
70 29
32 3
52 37
1 48
42 47
93 96
4 58
34 10
1 72
69 32
25 77
30 67
34 61
38 40
39 48
52 41
44 37
69 81
60 4
80 70
88 24
18 45
15 2
7 47
15 19
4 90
79 25
77 23
86 83
57 78
99 60
59 32
54 53
49 49
76 48
86 80
97 62
23 90
89 5
34 12
99 87
21 19
5 79
44 1
92 24
42 93
23 4
66 4
81 76
33 63
54 36
67 82
35 56
58 49
72 97
25 34
71 38
88 62
25 76
61 62
4 67
54 50
7 17
32 65
61 46
71 81
44 61
98 18
44 66
1 33
47 16
45 78
88 28
37 84
60 94
50 97
9 36
14 88
19 5
10 30
39 5
89 33
63 19
33 16
23 47
87 15
17 98
7 9
20 100
27 69
19 63
63 46
46 65
20 83
95 80
22 37
45 75
79 2
100 26
94 72
87 86
38 18
23 84
31 33
52 84
48 32
40 89
62 81
79 83
99 39
51 61
31 68
96 78
9 25
71 29
54 32
94 9
69 48
67 30
39 66
100 92
31 17
2 67
95 24
73 37
11 22
26 15
70 62
12 43
57 7
97 64
19 43
88 87
33 74
94 31
95 62
7 35
87 97
19 17
59 18
38 26
84 78
97 57
37 25
9 93
69 9
34 59
45 92
14 21
41 45
48 51
8 30
75 80
96 80
14 87
86 65
96 99
7 78
66 21
98 25
78 28
11 23
51 48
70 77
37 10
88 66
99 63
1 59
95 46
14 59
42 95
59 26
8 59
14 44
29 52
20 100
7 60
54 55
74 6
73 51
28 50
13 89
15 50
72 74
72 98
71 31
100 79
98 26
53 97
12 39
13 72
31 82
63 64
51 63
93 26
66 42
74 42
47 85
32 18
56 63
18 77
26 68
59 65
15 23
5 9
94 61
96 50
65 47
76 5
42 38
34 57
7 90
62 82
67 12
11 69
25 52
44 58
7 18
35 38
8 3
77 65
67 25
59 68
44 97
8 67
84 31
42 78
40 12
90 38
24 5
14 78
85 41
85 52
5 62
96 79
100 86
9 98
51 24
70 63
12 63
4 58
95 81
68 40
98 72
18 92
76 45
55 87
61 86
23 59
47 69
9 32
20 9
36 7
62 71
7 80
25 54
70 59
87 7
38 41
40 87
32 8
100 62
84 66
55 36
23 53
49 92
80 43
63 9
95 94
54 33
51 24
72 61
10 43
97 10
9 76
23 94
51 46
98 92
82 33
57 48
72 73
37 25
66 30
37 20
93 95
21 78
68 59
26 41
92 51
57 29
3 61
96 23
3 23
33 99
97 74
44 95
26 75
57 10
34 66
62 13
96 47
38 8
81 52
39 37
9 66
71 46
99 61
66 48
50 92
30 11
42 62
48 92
68 16
86 8
66 89
35 46
85 29
41 65
41 4
2 53
23 6
69 92
41 35
89 57
10 7
42 80
55 3
96 6
60 15
20 13
2 64
11 89
9 64
89 92
19 28
57 63
22 55
30 59
97 97
16 86
100 77
100 20
53 44
90 4
41 4
42 11
100 35
5 74
70 94
58 58
69 14
38 31
20 63
71 91
96 43
42 60
81 78
23 81
27 60
62 24
18 44
71 29
71 55
86 36
7 8
19 70
59 78
45 7
96 97
8 5
73 24
87 75
5 41
100 97
39 19
63 64
39 93
23 74
34 40
93 98
31 57
7 70
44 20
76 97
10 47
70 47
69 32
97 74
43 73
28 3
12 70
61 81
66 25
47 55
22 71
51 69
43 35
82 78
73 29
36 2
13 60
32 31
79 9
24 26
35 48
72 17
36 91
58 82
67 17
55 36
10 69
68 87
35 61
80 40
68 82
11 99
77 81
69 81
13 78
68 64
62 10
56 3
17 100
42 17
54 100
19 35
73 19
5 61
26 13
77 76
53 59
16 46
82 21
48 66
44 10
14 87
68 87
69 84
66 14
45 15
5 19
78 32
84 33
95 25
17 26
68 11
69 30
34 29
83 83
51 4
59 80
17 48
25 30
72 45
36 98
63 94
4 50
95 90
29 95
35 28
38 14
10 52
91 39
59 93
70 92
97 47
94 67
34 27
43 17
82 65
8 92
83 2
48 11
91 60
92 67
48 92
73 23
36 54
45 1
7 52
27 7
21 54
17 26
75 17
37 35
12 41
95 24
83 98
67 60
37 82
57 34
88 50
47 100
75 88
73 26
74 20
2 43
3 10
94 93
76 34
76 17
10 52
100 29
2 100
28 89
47 42
28 14
75 17
21 55
75 65
91 84
58 100
38 66
13 11
56 75
73 61
68 84
87 54
32 95
80 97
87 32
63 7
79 28
72 25
44 68
34 84
37 7
27 58
41 18
15 45
4 100
78 79
81 69
36 54
53 67
88 22
76 95
59 74
8 36
64 38
45 10
15 52
17 35
84 94
13 86
46 84
12 75
73 68
98 21
12 11
68 50
10 38
96 13
67 35
32 84
63 90
67 6
28 53
74 65
37 9
4 90
58 89
15 35
14 1
89 87
29 44
90 75
13 51
58 92
62 98
33 38
16 90
18 51
71 7
32 96
57 55
51 92
38 96
80 5
92 27
66 82
68 37
46 67
38 60
89 67
91 20
48 78
19 40
63 54
82 64
75 11
22 42
96 23
7 88
59 92
65 56
95 56
21 53
13 37
68 51
98 50
50 70
19 94
2 86
60 84
59 79
6 22
70 18
55 98
18 91
27 87
95 1
28 77
49 2
77 60
34 33
1 52
78 86
59 41
51 52
53 74
39 14
80 86
42 52
43 30
12 15
89 47
51 100
61 36
13 61
73 32
3 65
77 79
56 40
57 62
82 12
53 46
24 79
41 26
36 29
41 46
36 69
91 22
100 2
63 59
1 62
86 69
4 15
90 32
35 74
79 15
62 50
48 29
5 4
67 89
20 82
52 36
85 6
83 52
85 80
20 42
18 34
32 54
80 44
35 4
14 31
25 29
89 22
32 69
31 47
30 39
74 35
71 5
64 70
97 83
91 69
16 19
6 49
49 74
75 81
85 10
47 72
21 5
71 9
4 85
4 25
30 94
15 43
24 63
83 77
7 31
25 21
1 54
92 88
15 48
16 72
91 90
6 5
64 42
21 11
72 35
14 33
80 40
99 44
59 18
28 79
84 64
60 11
66 94
36 89
77 60
20 19
30 19
64 82
37 34
51 56
50 37
61 50
7 59
27 44
1 98
90 58
36 99
35 17
78 65
56 62
47 9
28 29
79 27
28 35
5 58
86 21
83 50
49 33
28 42
2 27
84 47
53 81
69 12
60 8
15 17
61 13
26 64
37 28
61 59
16 40
34 13
63 42
75 100
81 2
61 97
13 34
100 83
99 51
37 98
33 51
46 74
53 27
82 50
37 2
49 28
18 99
55 50
75 13
18 14
92 42
98 50
19 51
29 36
11 31
81 53
59 71
100 44
73 36
54 68
59 20
50 19
14 49
68 42
46 67
52 69
31 78
24 19
72 92
46 79
31 25
89 46
50 46
94 20
29 56
91 32
58 61
67 73
58 50
27 74
48 51
49 81
13 44
13 18
8 85
58 14
18 61
82 56
40 52
59 40
74 66
32 15
49 78
30 57
70 91
33 71
80 35
80 87
3 63
88 61
43 89
59 58
42 75
27 85
58 97
4 89
69 73
90 13
45 2
10 74
39 25
25 6
58 58
60 76
1 53
99 13
22 100
3 39
100 92
97 45
73 36
49 51
5 77
43 80
98 89
43 64
43 21
11 36
1 78
14 2
60 31
59 81
84 23
43 11
65 59
5 51
58 78
35 7
95 57
24 49
97 18
2 32
47 84
68 75
88 79
21 92
48 97
67 37
3 65
65 10
13 62
64 57
20 51
43 79
39 96
74 23
93 13
29 30
14 53
86 16
80 9
97 6
66 74
40 84
8 83
15 92
85 99
67 57
82 63
47 39
37 75
81 9
88 99
56 39
84 94
100 66
83 18
24 43
30 27
35 34
27 47
56 62
89 54
27 33
67 77
24 5
83 93
17 37
78 50
98 24
58 38
38 90
26 88
15 58
34 63
78 38
88 51
11 34
84 95
49 80
18 79
9 53
67 14
11 18
69 41
11 9
72 11
63 92
28 59
28 68
49 41
26 39
49 90
81 51
97 3
8 28
98 71
70 53
80 60
88 97
84 100
59 63
38 76
15 26
30 48
90 54
48 19
88 27
7 32
50 21
41 24
2 11
74 92
95 91
32 52
29 93
38 95
99 52
70 69
96 40
53 11
17 10
32 91
74 82
28 22
44 66
66 80
90 78
22 47
57 45
17 74
17 32
83 10
49 90
66 81
79 83
55 59
76 60
75 55
9 27
74 90
89 32
58 43
9 55
69 50
30 88
41 90
57 70
75 60
20 34
25 38
15 61
14 92
67 63
28 92
49 10
35 18
51 29
33 12
16 58
94 78
22 54
64 73
1 79
86 6
29 78
19 15
53 67
80 65
87 11
19 16
2 14
22 51
88 66
36 36
32 28
9 33
24 21
90 78
94 37
40 86
33 56
13 83
26 79
76 28
28 89
50 100
25 98
33 39
60 84
85 1
47 12
58 68
12 93
56 48
18 33
76 11
51 21
32 55
89 46
33 99
4 10
91 91
95 64
65 93
2 34
52 90
79 87
61 40
24 63
36 46
7 56
34 3
61 87
16 32
72 72
17 66
39 5
79 83
70 11
52 82
61 94
35 6
30 97
8 10
24 9
94 69
58 48
40 24
86 44
46 10
26 47
45 18
20 9
23 47
66 70
16 52
78 57
100 54
23 43
34 59
58 5
15 5
87 24
41 61
2 34
60 36
80 67
16 50
11 75
88 93
24 42
13 10
61 30
82 70
38 87
10 76
17 51
4 79
76 27
78 48
40 94
26 56
65 12
46 99
72 87
39 76
18 70
92 87
18 87
96 1
78 97
94 29
2 9
37 34
7 83
28 45
91 19
51 34
68 49
41 99
32 20
10 61
93 28
45 66
3 82
70 30
5 67
63 60
95 27
5 97
42 64
19 8
39 45
97 66
25 67
73 57
67 81
59 16
7 66
8 47
9 48
61 84
33 67
18 49
87 25
5 23
93 61
69 46
95 47
18 4
32 31
69 34
21 95
17 80
50 51
69 28
9 50
77 64
47 89
52 57
79 74
48 30
14 99
55 40
78 7
86 69
60 81
9 41
58 23
77 25
40 78
21 38
100 46
30 46
48 4
93 25
33 49
6 76
63 79
36 86
77 80
56 58
67 80
40 56
69 88
64 93
5 34
59 31
22 71
23 36
17 18
87 51
94 57
60 19
16 49
75 63
12 43
70 66
92 74
66 96
33 87
29 95
74 84
80 75
38 32
34 27
16 87
62 57
52 63
74 69
80 28
44 13
29 25
94 7
96 98
59 17
7 67
90 96
79 70
10 99
2 1
70 87
44 13
68 86
36 77
95 97
41 25
86 81
8 42
9 18
75 44
19 96
97 61
59 46
5 70
55 40
64 57
49 57
70 71
22 42
59 82
52 19
92 39
48 79
53 82
79 14
94 97
72 54
62 59
57 2
73 81
18 51
43 61
89 60
3 64
11 19
36 25
2 39
48 35
51 99
97 67
89 97
27 100
52 39
78 20
46 46
24 48
70 25
24 66
50 20
18 82
75 87
37 26
53 1
3 9
28 30
79 22
91 100
20 37
99 26
72 4
72 26
90 45
34 98
70 80
82 72
25 18
12 59
27 4
87 72
51 66
69 32
39 55
42 94
66 49
44 78
10 9
39 99
63 88
76 84
5 95
99 43
89 29
43 36
87 50
15 7
9 67
85 16
15 39
8 37
56 62
63 67
1 100
47 4
51 17
81 89
20 6
73 27
26 36
75 17
49 90
72 83
35 43
17 60
98 98
80 100
29 3
49 6
44 97
70 56
71 15
47 94
80 37
12 92
7 24
29 84
23 8
7 73
27 78
72 6
36 52
67 52
22 4
68 90
17 60
80 9
52 73
75 76
85 11
92 83
97 61
9 31
56 43
83 96
29 50
90 56
46 7
53 37
63 65
90 87
13 18
97 68
87 82
23 50
13 28
28 89
65 57
12 91
92 17
79 54
95 99
54 50
55 38
60 98
61 35
48 26
89 84
96 91
41 32
35 67
62 62
81 90
32 90
98 66
62 52
32 26
62 62
40 22
92 61
33 42
76 38
51 51
81 44
15 28
51 48
14 42
52 100
82 34
98 9
46 97
22 11
74 5
72 14
89 10
57 70
75 56
81 62
3 19
39 64
52 72
57 54
45 97
75 32
42 46
36 77
75 32
33 37
44 69
77 9
58 5
3 70
40 33
72 100
25 87
11 34
11 20
41 81
72 68
81 90
78 73
94 40
43 56
89 70
5 65
72 12
14 19
95 24
65 39
69 79
40 36
15 42
89 41
39 68
53 67
96 41
61 29
56 37
96 46
72 24
3 48
37 41
14 1
2 59
67 90
1 74
66 83
40 5
57 84
85 30
39 58
90 70
5 46
22 71
3 74
85 5
9 89
26 59
21 38
57 45
58 2
86 79
48 95
15 33
9 64
100 89
14 67
96 79
50 18
57 74
58 29
13 92
26 2
71 14
96 17
55 23
17 31
47 71
41 10
73 10
6 38
73 79
41 9
24 45
83 68
3 28
38 55
31 5
18 67
82 85
23 48
44 99
10 22
10 19
67 94
53 84
78 2
17 72
75 89
51 76
90 83
78 1
88 74
39 34
97 34
65 34
11 97
38 37
38 54
13 84
83 60
51 87
11 99
37 23
38 63
42 34
50 42
91 27
18 18
70 27
78 85
49 77
26 11
8 26
78 69
39 77
28 2
78 18
72 44
21 14
44 3
9 39
90 10
41 50
46 34
26 15
81 61
85 21
22 1
30 47
68 25
40 5
62 4
31 20
96 74
87 81
3 68
77 100
27 4
12 55
55 100
79 39
30 78
84 8
93 68
43 4
2 32
60 41
58 72
89 94
62 76
91 56
71 66
31 37
77 92
56 91
52 70
69 10
57 18
93 65
47 17
75 93
97 2
35 10
70 18
73 27
23 37
23 94
11 77
26 99
51 90
29 53
7 52
61 12
23 14
100 60
92 31
77 40
38 18
67 1
2 45
59 43
57 34
40 47
100 5
45 5
55 4
50 12
13 60
99 66
48 59
34 45
24 25
36 15
80 83
65 50
16 80
76 44
42 18
69 16
69 70
3 1
54 2
22 21
6 77
34 90
86 9
89 39
67 97
35 38
49 35
87 67
16 97
46 55
62 68
1 97
50 50
58 63
86 85
63 64
42 9
85 29
96 10
32 75
11 91
98 96
28 71
65 71
56 25
42 63
58 21
87 62
53 10
43 27
13 84
48 25
81 15
21 95
90 21
25 65
44 91
46 94
70 71
47 6
16 1
61 35
44 65
92 26
22 95
94 46
11 88
42 40
96 37
100 70
51 91
83 61
99 48
96 66
18 62
22 86
32 62
71 95
98 24
36 72
34 57
63 50
58 26
66 79
25 21
56 16
75 34
34 44
39 56
25 71
52 14
6 33
39 37
93 34
50 98
37 100
9 44
64 32
51 97
100 8
68 79
70 8
53 69
21 34
30 57
6 17
41 34
55 68
29 66
7 40
23 45
93 10
85 62
70 98
22 32
93 86
61 75
55 23
71 25
81 25
53 17
82 18
58 75
81 9
52 57
86 47
1 41
35 29
2 70
67 100
36 69
33 30
19 63
76 32
53 6
58 77
75 92
49 3
81 25
94 48
81 96
88 56
15 86
99 96
86 79
33 93
26 52
51 6
54 55
100 25
54 70
81 31
12 51
42 80
92 67
17 66
58 45
13 99
69 14
85 59
22 69
32 10
66 64
87 3
71 26
75 53
21 66
34 89
53 23
17 22
91 46
11 75
43 73
33 97
97 71
86 61
78 89
68 38
76 74
32 35
9 48
65 66
95 18
71 71
75 25
39 17
1 20
3 69
50 73
54 35
50 68
77 26
88 72
34 73
77 10
86 96
87 52
39 48
77 84
4 73
94 42
21 52
97 78
57 52
60 18
70 13
36 94
23 6
76 71
77 58
79 76
3 42
50 98
84 90
95 59
68 44
43 16
54 58
52 31
26 20
82 32
2 2
90 98
11 39
64 92
6 30
3 89
86 99
36 60
96 47
100 27
71 90
72 43
11 11
9 98
49 92
22 7
89 12
54 1
69 57
79 7
25 1
6 58
79 18
21 86
93 40
100 37
23 21
54 7
44 54
32 37
44 50
83 28
96 83
20 49
98 28
28 100
35 80
4 23
56 68
11 60
71 7
61 56
17 73
21 48
2 4
46 63
60 18
100 54
60 70
5 36
76 53
26 9
93 55
70 25
80 54
67 77
52 36
42 75
92 85
70 92
32 44
66 84
90 92
87 49
23 25
28 38
68 13
44 93
44 5
8 44
11 64
92 2
23 6
9 87
45 70
62 78
42 62
95 62
82 88
8 12
75 100
57 88
34 21
4 94
83 29
8 2
18 8
29 14
66 78
13 41
10 49
90 67
46 4
36 34
84 83
76 83
22 26
85 42
50 70
77 96
1 25
26 49
92 68
56 3
98 3
38 81
64 38
62 43
34 29
71 11
9 52
65 91
98 45
59 90
20 75
85 35
96 46
48 33
26 26
29 53
54 52
77 42
71 37
33 100
29 95
93 2
100 82
57 28
45 34
20 74
77 3
87 3
12 74
8 92
15 100
13 4
30 60
59 63
78 54
52 50
51 70
82 39
18 74
65 5
87 32
4 68
32 28
58 40
54 10
75 58
25 30
99 20
45 65
95 69
81 26
83 14
76 15
12 84
56 13
6 54
61 66
52 50
2 48
79 97
37 39
77 74
34 83
47 17
33 68
15 96
67 69
92 35
39 40
50 7
71 69
96 87
35 29
29 24
62 76
37 29
80 43
3 40
18 60
27 84
76 69
43 52
1 74
91 10
83 17
42 87
35 92
30 56
42 85
52 9
58 70
88 66
98 47
3 95
79 10
35 74
94 1
78 53
87 20
23 20
7 97
84 86
58 76
23 99
13 65
79 81
33 47
81 77
72 84
73 84
47 68
28 89
78 8
42 33
89 54
88 77
69 35
66 22
61 72
14 6
41 72
1 68
90 19
53 10
77 15
32 37
23 9
60 83
43 49
16 6
88 54
41 12
53 61
63 54
45 1
95 71
9 60
31 45
6 42
76 73
97 40
74 1
55 37
47 18
43 56
23 71
46 12
97 3
46 51
24 7
87 55
45 27
19 50
84 2
12 60
79 23
16 39
34 60
76 77
97 71
18 29
19 96
45 79
85 19
53 49
21 55
86 72
35 89
37 48
12 29
54 18
30 20
28 41
10 46
18 81
81 48
39 17
63 11
43 34
68 9
55 99
81 14
99 43
79 41
9 76
93 91
88 7
66 74
88 18
48 80
31 34
80 59
40 97
9 26
22 7
18 41
26 76
1 12
100 17
42 9
13 19
71 77
71 45
79 27
51 19
30 52
55 80
27 6
33 13
7 76
63 26
99 54
58 54
39 97
19 33
14 94
10 48
12 53
21 55
68 96
42 32
78 32
41 38
62 54
4 87
82 11
85 32
1 18
36 51
9 30
92 21
47 84
98 39
5 86
46 11
62 96
99 50
90 77
99 87
7 25
49 24
30 53
47 7
22 93
41 64
83 75
76 85
31 43
75 52
12 18
24 36
41 12
47 50
53 7
91 96
41 77
5 87
10 69
54 61
11 50
80 72
26 60
93 63
68 51
64 64
57 73
22 10
50 96
8 52
55 78
66 71
59 31
88 60
87 6
81 44
3 82
96 65
47 97
78 67
71 12
10 81
77 57
17 83
96 13
95 52
4 44
51 96
27 9
50 68
22 33
61 9
41 17
53 50
78 23
20 64
80 35
43 89
22 15
62 4
73 90
18 56
97 44
39 19
74 20
5 64
91 79
78 69
91 68
22 74
17 35
76 21
86 36
61 11
25 56
54 3
27 96
92 57
75 46
78 20
85 82
44 97
81 31
23 74
21 62
50 80
63 52
94 13
30 71
51 6
100 16
75 48
22 14
62 11
15 64
36 54
21 97
68 82
58 76
43 16
96 74
24 60
24 31
75 54
59 10
9 21
53 49
66 3
10 1
83 24
47 12
56 32
99 79
50 98
14 3
25 2
69 49
54 79
40 5
46 66
68 81
11 89
54 57
26 5
94 8
28 52
66 15
71 36
28 66
44 19
88 47
89 66
10 21
3 5
62 18
48 15
29 4
40 100
5 39
56 73
19 76
58 64
59 11
75 43
45 26
87 26
47 82
30 53
79 73
89 18
50 86
37 1
76 49
56 85
32 88
98 68
65 23
47 85
87 79
74 58
16 36
21 57
100 47
94 70
87 91
89 98
58 29
31 34
65 50
20 72
23 60
61 42
7 4
47 88
82 56
59 86
98 45
99 64
43 47
13 3
59 46
46 22
54 55
29 62
70 27
52 41
15 38
20 55
4 85
90 18
12 82
32 72
90 71
55 18
4 88
22 72
64 54
100 44
33 48
40 43
49 17
74 85
33 47
7 83
55 28
48 47
87 60
68 25
43 26
99 19
66 50
82 57
11 70
24 95
89 75
1 58
2 71
69 58
32 49
56 89
26 81
83 56
73 59
73 42
74 64
54 29
24 70
77 81
31 49
65 76
10 89
22 95
73 49
13 19
88 23
16 49
71 70
84 13
70 2
26 74
55 59
54 61
43 26
5 81
28 86
79 63
76 69
68 48
67 91
38 100
35 96
18 64
5 58
65 62
10 95
51 14
27 2
41 19
16 83
22 2
87 19
19 26
73 59
61 48
15 99
90 13
2 3
98 3
64 40
8 97
95 19
78 56
22 87
66 58
59 20
88 22
17 19
83 5
11 14
94 46
30 85
52 44
41 19
72 58
45 30
21 61
44 25
36 10
34 87
39 3
74 31
33 57
78 12
92 10
76 17
49 34
47 60
4 82
33 43
66 21
29 9
50 52
39 73
80 75
15 31
80 89
37 36
95 31
84 67
12 62
34 88
83 77
15 65
32 64
54 76
12 7
53 42
7 45
35 81
28 97
72 91
65 8
10 63
21 33
68 44
69 57
53 88
72 19
14 53
23 54
87 88
66 61
82 18
69 48
1 44
32 85
75 11
50 34
89 69
95 30
40 14
35 50
8 13
90 36
43 73
21 84
40 89
92 40
28 72
74 50
54 65
75 71
99 38
42 63
31 25
3 61
83 80
70 2
40 27
77 20
94 48
1 44
83 21
65 59
33 50
69 22
91 72
63 12
71 49
79 80
10 65
25 68
8 11
33 95
52 68
59 66
40 40
92 60
38 21
46 3
22 25
49 72
92 15
42 91
8 42
55 21
22 39
99 57
98 16
17 95
80 40
31 41
21 24
67 75
32 1
11 93
28 46
29 24
22 14
31 77
88 76
45 99
41 63
1 45
9 98
18 92
70 45
2 39
69 66
43 96
53 91
96 83
58 1
34 5
7 10
5 38
62 42
90 46
11 68
22 53
81 6
8 34
61 76
82 28
70 56
46 69
88 70
29 75
78 85
71 83
52 12
2 39
31 64
60 33
13 56
59 17
86 94
10 45
18 41
26 90
70 47
7 74
55 44
56 99
58 30
89 77
60 3
59 83
16 48
64 18
49 99
36 38
83 2
77 31
35 41
60 20
56 100
36 53
84 27
44 77
45 60
82 14
25 53
68 11
52 45
12 92
91 84
56 32
43 78
17 37
6 84
99 66
46 94
98 58
8 21
38 42
78 45
66 42
62 71
93 17
88 81
36 48
40 89
28 67
77 49
35 14
73 41
86 73
82 62
38 30
51 56
61 71
73 82
98 59
45 63
9 16
69 64
93 66
77 82
20 25
55 37
73 82
10 5
92 12
15 22
35 26
30 21
83 56
100 33
83 13
95 30
94 42
34 3
21 38
25 65
52 97
34 50
76 25
97 84
72 82
22 99
70 52
31 21
62 47
100 34
77 51
72 90
97 53
64 16
82 42
92 33
84 67
75 81
98 49
28 98
93 57
48 58
86 53
99 14
13 48
59 91
17 26
77 48
20 31
3 64
12 7
32 100
8 87
59 9
54 88
38 9
54 51
41 49
86 11
9 35
63 65
81 31
75 38
6 89
49 95
65 34
69 65
76 81
49 54
23 91
9 21
94 90
14 49
48 14
5 88
71 24
47 85
69 84
31 68
4 12
85 62
68 21
28 70
17 60
98 95
68 13
79 64
60 85
15 16
88 63
45 51
59 9
54 70
23 36
46 96
79 95
49 56
78 88
26 3
68 65
32 36
63 14
67 59
45 81
43 25
63 5
53 18
30 91
10 72
24 80
51 95
84 3
51 91
79 1
85 84
64 99
82 88
72 69
95 30
27 36
79 26
2 71
78 2
61 77
53 75
7 33
32 25
58 84
56 85
89 11
62 83
55 73
2 7
97 98
67 84
91 34
54 22
81 46
94 54
78 67
14 35
77 33
23 36
41 82
39 43
87 7
12 85
1 32
28 9
59 94
89 54
12 14
19 38
71 77
62 89
38 65
42 11
72 63
36 50
96 44
38 13
75 24
16 34
97 71
68 31
7 62
57 24
49 1
84 54
50 94
85 69
96 40
15 67
75 35
100 92
7 68
52 93
92 60
79 16
40 13
23 67
85 21
8 87
83 56
50 55
74 47
37 92
34 86
90 31
39 43
37 78
32 1
89 69
44 43
21 1
13 72
10 57
2 19
72 33
53 1
27 98
53 64
98 82
98 62
97 54
40 47
2 70
1 47
83 48
63 67
3 62
43 6
29 14
50 1
10 63
73 77
6 66
73 38
61 97
30 30
90 10
96 17
35 7
24 54
94 72
100 43
33 44
43 52
10 91
27 87
29 9
51 67
71 73
5 79
73 29
8 29
47 62
74 35
54 65
86 1
65 10
23 25
26 96
43 93
92 77
88 4
31 13
17 12
52 44
18 81
19 72
47 63
60 53
13 71
71 13
90 87
5 28
45 75
35 43
24 29
10 91
80 67
68 69
16 97
31 11
85 85
8 49
23 40
35 90
76 89
20 4
37 63
73 64
57 8
88 73
63 96
44 65
16 7
85 94
84 83
38 63
81 46
86 72
30 98
46 88
97 72
58 49
72 42
60 59
27 19
12 91
13 78
64 90
96 94
96 82
4 76
40 69
21 82
38 91
14 50
31 99
83 53
21 35
73 3
82 19
88 68
2 2
30 10
19 83
8 16
83 71
63 36
13 79
71 68
46 100
29 83
71 81
96 56
75 31
84 27
42 99
52 13
32 33
10 59
83 16
99 75
18 92
28 21
15 28
83 73
70 89
95 27
55 30
22 42
59 66
98 78
21 37
33 1
52 10
43 25
41 67
10 63
94 25
23 13
94 40
53 95
55 19
38 9
90 72
45 22
92 88
37 22
67 97
93 57
96 87
53 35
24 95
47 60
40 96
90 90
84 33
76 39
26 68
97 47
80 7
15 16
12 66
50 13
91 37
65 62
63 82
54 36
19 63
70 10
9 95
84 16
11 53
31 99
27 77
81 55
36 34
7 57
45 10
26 52
24 59
14 86
54 10
78 54
33 98
28 68
39 25
33 38
67 71
33 96
38 4
5 62
22 95
5 80